20171203010000
20171203020000
20171203030000
20171203040000
20171203050000
20171203060000
20171203070000
20171203080000
20171203090000
20171203100000
20171203110000
20171203120000
20171203130000
20171203140000
20171203150000
20171203160000
20171203170000
20171203180000
20171203190000
20171203200000
20171203210000
20171203220000
20171203230000
20171204000000
20171204010000
20171204020000
20171204030000
20171204040000
20171204050000
20171204060000
20171204070000
20171204080000
20171204090000
20171204100000
20171204110000
20171204120000
20171204130000
20171204140000
20171204150000
20171204160000
20171204170000
20171204180000
20171204190000
20171204200000
20171204210000
20171204220000
20171204230000
