20171209230000
20171209220000
20171209210000
20171209200000
20171209190000
20171209180000
20171209170000
20171209160000
20171209150000
20171209140000
20171209130000
20171209120000
20171209110000
20171209100000
20171209090000
20171209080000
20171209070000
20171209060000
20171209050000
20171209040000
20171209030000
20171209020000
20171209010000
20171209000000
20171208230000
20171208220000
20171208210000
20171208200000
20171208190000
20171208180000
20171208170000
20171208160000
20171208150000
20171208140000
20171208130000
20171208120000
20171208110000
20171208100000
20171208090000
20171208080000
20171208070000
20171208060000
20171208050000
20171208040000
20171208030000
20171208020000
