20171203010000
20171203020000
20171203030000
20171203040000
20171203050000
20171203060000
20171203070000
20171203080000
20171203090000
20171203100000
20171203110000
20171203120000
20171203130000
20171203140000
20171203150000
20171203160000
20171203170000
20171203180000
20171203190000
20171203200000
20171203210000
20171203220000
20171203230000
20171204000000
20171204010000
20171204020000
20171204030000
20171204040000
20171204050000
20171204060000
20171204070000
20171204080000
20171204090000
20171204100000
20171204110000
20171204120000
20171204130000
20171204140000
20171204150000
20171204160000
20171204170000
20171204180000
20171204190000
20171204200000
20171204210000
20171204220000
20171204230000
20171205000000
20171205010000
20171205020000
20171205030000
20171205040000
20171205050000
20171205060000
20171205070000
20171205080000
20171205090000
20171205100000
20171205110000
20171205120000
20171205130000
20171205140000
20171205150000
20171205160000
20171205170000
20171205180000
20171205190000
20171205200000
20171205210000
20171205220000
20171205230000
20171206000000
20171206010000
20171206020000
20171206030000
20171206040000
20171206050000
20171206060000
20171206070000
20171206080000
20171206090000
20171206100000
20171206110000
20171206120000
20171206130000
20171206140000
20171206150000
20171206160000
20171206170000
20171206180000
20171206190000
20171206200000
20171206210000
20171206220000
20171206230000
20171207000000
20171207010000
20171207020000
20171207030000
20171207040000
20171207050000
20171207060000
20171207070000
20171207080000
20171207090000
20171207100000
20171207110000
20171207120000
20171207130000
20171207140000
20171207150000
20171207160000
20171207170000
20171207180000
20171207190000
20171207200000
20171207210000
20171207220000
20171207230000
20171208000000
20171208010000
20171208020000
20171208030000
20171208040000
20171208050000
20171208060000
20171208070000
20171208080000
20171208090000
20171208100000
20171208110000
20171208120000
20171208130000
20171208140000
20171208150000
20171208160000
20171208170000
